vector_poker <- c(-140, 150, 220, 20, 520)

vector_ruleta <- c(-24, -50, -10, -50, -10)